A=[
348.15	-1.074348797
338.15	-0.92624863
328.15	-0.815854531
318.15	-0.706084882
308.15	-0.561859457
298.15	-0.423379318
288.15	-0.239039109
278.15	-0.041205895
268.15	0.276235065
258.15	0.699551084
248.15	1.272632137
238.15	1.343593572
228.15	1.821932206
218.15	2.038010604
];         

B=[
348.15	-0.860005343
338.15	-1.028892877
328.15	-0.980161405
318.15	-0.789508916
308.15	-0.733001829
298.15	-0.597736212
288.15	-0.405559814
278.15	-0.190413412
268.15	0.174785846
258.15	0.509982192
248.15	1.04035713
238.15	1.279819267
228.15	1.841752534
];